{
 "cells": [
  {
   "cell_type": "code",
   "execution_count": 34,
   "metadata": {},
   "outputs": [
    {
     "name": "stdout",
     "output_type": "stream",
     "text": [
      "The autoreload extension is already loaded. To reload it, use:\n",
      "  %reload_ext autoreload\n"
     ]
    },
    {
     "data": {
      "text/html": [
       "        <script type=\"text/javascript\">\n",
       "        window.PlotlyConfig = {MathJaxConfig: 'local'};\n",
       "        if (window.MathJax) {MathJax.Hub.Config({SVG: {font: \"STIX-Web\"}});}\n",
       "        if (typeof require !== 'undefined') {\n",
       "        require.undef(\"plotly\");\n",
       "        requirejs.config({\n",
       "            paths: {\n",
       "                'plotly': ['https://cdn.plot.ly/plotly-latest.min']\n",
       "            }\n",
       "        });\n",
       "        require(['plotly'], function(Plotly) {\n",
       "            window._Plotly = Plotly;\n",
       "        });\n",
       "        }\n",
       "        </script>\n",
       "        "
      ]
     },
     "metadata": {},
     "output_type": "display_data"
    }
   ],
   "source": [
    "%load_ext autoreload\n",
    "\n",
    "import utils as ut\n",
    "import plot_tools as plt\n",
    "import stat_tools as st\n",
    "import pandas as pd\n",
    "import plotly\n",
    "import numpy as np\n",
    "\n",
    "%autoreload 2\n",
    "\n",
    "plotly.offline.init_notebook_mode(connected=True)"
   ]
  },
  {
   "cell_type": "markdown",
   "metadata": {},
   "source": [
    "## Notes"
   ]
  },
  {
   "cell_type": "markdown",
   "metadata": {},
   "source": [
    "The data is extracted from the Binance API.\n",
    "\n",
    "https://github.com/binance-exchange/binance-official-api-docs/blob/master/rest-api.md#klinecandlestick-data\n",
    "\n",
    "Connection is made via the binance.py script, which enables local dump of the data\n",
    "\n",
    "The data precision is 1 minute\n",
    "\n",
    "Some studies have been made with different parameters (especially non-working ones), only one is included in the presentation in general\n",
    "\n",
    "The notebook is still under construction"
   ]
  },
  {
   "cell_type": "markdown",
   "metadata": {},
   "source": [
    "## Data"
   ]
  },
  {
   "cell_type": "code",
   "execution_count": 2,
   "metadata": {},
   "outputs": [],
   "source": [
    "dataPath = \"/home/charbel/Documents/Stanford/Project/data/\""
   ]
  },
  {
   "cell_type": "code",
   "execution_count": 3,
   "metadata": {},
   "outputs": [
    {
     "name": "stderr",
     "output_type": "stream",
     "text": [
      "100%|██████████| 184/184 [00:02<00:00, 82.22it/s]\n"
     ]
    }
   ],
   "source": [
    "data = ut.load_data(dataPath, \"2019-07-01\", \"2019-12-31\")\n",
    "##PAXUSDT is a tether, we remove it\n",
    "data = data[data.ticker != \"PAXUSDT\"]"
   ]
  },
  {
   "cell_type": "code",
   "execution_count": 4,
   "metadata": {
    "scrolled": false
   },
   "outputs": [],
   "source": [
    "##Indexing the data\n",
    "data['close_time'] += 1\n",
    "ut.index(data)"
   ]
  },
  {
   "cell_type": "code",
   "execution_count": 5,
   "metadata": {},
   "outputs": [],
   "source": [
    "## Columns \n",
    "cols = ['close_time', 'ticker','close','volume_quote','buy_vol_quote','num_trades']\n",
    "data = data[cols]\n",
    "data.rename(columns = {'close_time':'t', 'close':'price', 'volume_quote':'volume', 'buy_vol_quote':'buy_vol'}, inplace=True)\n",
    "data.eval('sell_vol = volume - buy_vol', inplace=True)"
   ]
  },
  {
   "cell_type": "code",
   "execution_count": 6,
   "metadata": {},
   "outputs": [],
   "source": [
    "## Selecting tickers available from a certain date\n",
    "start_dates = pd.to_datetime(data.groupby('ticker').first().t, unit='ms').sort_values()\n",
    "tickers = start_dates[start_dates<='2019-07-02'].index\n",
    "data.query('ticker in @tickers', inplace=True)"
   ]
  },
  {
   "cell_type": "code",
   "execution_count": 7,
   "metadata": {
    "scrolled": true
   },
   "outputs": [],
   "source": [
    "##Just to check if duplicates (API seems to send duplicates when data not available)\n",
    "#t=data.groupby(['datetime','ticker']).count()\n",
    "#t[t>=2].dropna()"
   ]
  },
  {
   "cell_type": "code",
   "execution_count": 8,
   "metadata": {},
   "outputs": [],
   "source": [
    "data = data.drop_duplicates()"
   ]
  },
  {
   "cell_type": "code",
   "execution_count": 9,
   "metadata": {},
   "outputs": [],
   "source": [
    "st.compute_volume(data, 'buy_vol', 'buy_vol_r', 60)\n",
    "st.compute_volume(data, 'sell_vol', 'sell_vol_r', 60)\n",
    "st.compute_volume(data, 'volume', 'volume_r', 60)"
   ]
  },
  {
   "cell_type": "markdown",
   "metadata": {},
   "source": [
    "## Preliminary study"
   ]
  },
  {
   "cell_type": "markdown",
   "metadata": {},
   "source": [
    "We compute the returns for 5 min, 1 hour, and 12 hours (different timescales)"
   ]
  },
  {
   "cell_type": "code",
   "execution_count": 10,
   "metadata": {},
   "outputs": [],
   "source": [
    "st.compute_return(data, 'price', 'r5', 5)\n",
    "st.compute_return(data, 'price', 'r60', 60)\n",
    "st.compute_return(data, 'price', 'r720', 720)"
   ]
  },
  {
   "cell_type": "markdown",
   "metadata": {},
   "source": [
    "#### Cross-sectional correlations\n",
    "\n",
    "The returns become more correlated when the lookback is bigger (as expected)., we can observe some coins which seem more isolated"
   ]
  },
  {
   "cell_type": "code",
   "execution_count": 11,
   "metadata": {},
   "outputs": [
    {
     "data": {
      "application/vnd.plotly.v1+json": {
       "config": {
        "linkText": "Export to plot.ly",
        "plotlyServerURL": "https://plot.ly",
        "responsive": true,
        "showLink": false
       },
       "data": [
        {
         "colorscale": "RdBu",
         "type": "heatmap",
         "uid": "dd96072f-e7d5-49f9-99c6-72f88388f639",
         "x": [
          "ADAUSDT",
          "ALGOUSDT",
          "ATOMUSDT",
          "BATUSDT",
          "BNBUSDT",
          "BTCUSDT",
          "BTTUSDT",
          "DASHUSDT",
          "ENJUSDT",
          "EOSUSDT",
          "ETCUSDT",
          "ETHUSDT",
          "FETUSDT",
          "HOTUSDT",
          "IOSTUSDT",
          "IOTAUSDT",
          "LINKUSDT",
          "LTCUSDT",
          "MATICUSDT",
          "NEOUSDT",
          "OMGUSDT",
          "ONTUSDT",
          "QTUMUSDT",
          "TRXUSDT",
          "VETUSDT",
          "WAVESUSDT",
          "XLMUSDT",
          "XMRUSDT",
          "XRPUSDT",
          "ZECUSDT",
          "ZILUSDT",
          "ZRXUSDT"
         ],
         "y": [
          "ADAUSDT",
          "ALGOUSDT",
          "ATOMUSDT",
          "BATUSDT",
          "BNBUSDT",
          "BTCUSDT",
          "BTTUSDT",
          "DASHUSDT",
          "ENJUSDT",
          "EOSUSDT",
          "ETCUSDT",
          "ETHUSDT",
          "FETUSDT",
          "HOTUSDT",
          "IOSTUSDT",
          "IOTAUSDT",
          "LINKUSDT",
          "LTCUSDT",
          "MATICUSDT",
          "NEOUSDT",
          "OMGUSDT",
          "ONTUSDT",
          "QTUMUSDT",
          "TRXUSDT",
          "VETUSDT",
          "WAVESUSDT",
          "XLMUSDT",
          "XMRUSDT",
          "XRPUSDT",
          "ZECUSDT",
          "ZILUSDT",
          "ZRXUSDT"
         ],
         "z": [
          [
           1,
           0.23655003996666116,
           0.3532778071847874,
           0.3017838088416553,
           0.509471591679276,
           0.6187715260448431,
           0.39786081439889304,
           0.4678310441893644,
           0.19367392658930463,
           0.5675023926844959,
           0.48863522217576605,
           0.6322231439590346,
           0.27050584634556807,
           0.2510487256698734,
           0.35002899311054364,
           0.4135523067068945,
           0.36841301291314943,
           0.5637306764772058,
           0.19952068931348738,
           0.5123940837812748,
           0.3923292803110487,
           0.49110797412706714,
           0.4850336999754058,
           0.544860395231951,
           0.3205258145219551,
           0.2778821166684189,
           0.48775146230888766,
           0.4263614790004885,
           0.5367840734047857,
           0.49284658747468246,
           0.2728840340305154,
           0.2818434981935388
          ],
          [
           0.23655003996666116,
           1,
           0.17819247125593632,
           0.15586024432790543,
           0.24748749572832118,
           0.28422091365165547,
           0.20336523195423217,
           0.2264170008687701,
           0.10710824660747809,
           0.23173788941745183,
           0.20990523833585337,
           0.2603844338829754,
           0.15519656183958747,
           0.136536337993043,
           0.1816897297200048,
           0.20123558911304204,
           0.17488145278448364,
           0.23429699457497485,
           0.10921042365345318,
           0.22742589129576066,
           0.2051822470055759,
           0.2169196317926427,
           0.23442219600314393,
           0.2258126521065093,
           0.1614943312872133,
           0.14081866313457045,
           0.216303883798185,
           0.20238993857436274,
           0.21583541866243453,
           0.23932795374405766,
           0.15687041784079936,
           0.14498973444638588
          ],
          [
           0.3532778071847874,
           0.17819247125593632,
           1,
           0.218544954082525,
           0.35168073837079533,
           0.4090104139084785,
           0.2885891145087647,
           0.3424587759274917,
           0.14599545007088532,
           0.3612495550563765,
           0.3138932911964641,
           0.4022533734256785,
           0.20128958430271057,
           0.1831569051994196,
           0.26166471031909133,
           0.287641251701618,
           0.2496486443264267,
           0.3583603683389165,
           0.1562476936490539,
           0.3456943850735324,
           0.29147484671241075,
           0.3329338586535359,
           0.34117002227435544,
           0.34972022002138553,
           0.2356590576688711,
           0.20160865104539458,
           0.3205005920238672,
           0.3051715824465606,
           0.329739711806017,
           0.34472054287482,
           0.20651519214781563,
           0.19989390643951502
          ],
          [
           0.3017838088416553,
           0.15586024432790543,
           0.218544954082525,
           1,
           0.2980215681219613,
           0.3623157179050408,
           0.23915704053197046,
           0.2911247896965419,
           0.1382585076596228,
           0.3058001257644248,
           0.27191121204218394,
           0.3550586359193206,
           0.1823300306877012,
           0.157802232908953,
           0.2193453000597369,
           0.25801984147994117,
           0.21944157933428332,
           0.3100817242687348,
           0.14304997889012513,
           0.2924999266951586,
           0.24548048605853603,
           0.269329100598521,
           0.27914547998047395,
           0.28748708136114653,
           0.2010957887621908,
           0.18067955880330513,
           0.276855589243908,
           0.2595326775237442,
           0.2779837757929141,
           0.2958472999547617,
           0.18141112034168827,
           0.1946077368561103
          ],
          [
           0.509471591679276,
           0.24748749572832118,
           0.35168073837079533,
           0.2980215681219613,
           1,
           0.6123262793198712,
           0.4018605362330597,
           0.44952512285247714,
           0.19094973324318987,
           0.5173850330600206,
           0.45128190564297915,
           0.5877265192227583,
           0.28406988527205546,
           0.27233509406556233,
           0.3425174434921926,
           0.39831003795088715,
           0.35800839487516867,
           0.5316414842000241,
           0.22257955493209405,
           0.48327664441347595,
           0.3724092918467939,
           0.4449910370897455,
           0.4405022180293144,
           0.49158215686644646,
           0.3303034503191882,
           0.27598832899488623,
           0.45084248272214167,
           0.4183609615728916,
           0.49316577162593284,
           0.4652835548196086,
           0.2761747545592702,
           0.26863459989922683
          ],
          [
           0.6187715260448431,
           0.28422091365165547,
           0.4090104139084785,
           0.3623157179050408,
           0.6123262793198712,
           1,
           0.44957371784848926,
           0.5812832550915965,
           0.2286618799193608,
           0.6654328513827498,
           0.5711571363981007,
           0.7712219531523894,
           0.3055953073322452,
           0.3051373332057753,
           0.40008797274217284,
           0.5038548877647858,
           0.41876461929595243,
           0.697759297760028,
           0.23701663666770587,
           0.62345204497669,
           0.4717690504215282,
           0.537194852914349,
           0.5813828759041981,
           0.6066486453847616,
           0.4008050965901899,
           0.3438937012759171,
           0.5495012601256049,
           0.5825033800082783,
           0.5946619131599712,
           0.6022806263409112,
           0.32909291298012394,
           0.3297895020665673
          ],
          [
           0.39786081439889304,
           0.20336523195423217,
           0.2885891145087647,
           0.23915704053197046,
           0.4018605362330597,
           0.44957371784848926,
           1,
           0.3725811876949751,
           0.1601790177778456,
           0.4043493265755074,
           0.35663667410824185,
           0.4402621064484953,
           0.22357746181316962,
           0.20478069175886,
           0.28865565111390296,
           0.31894668692682737,
           0.27316161531795136,
           0.3991982244587935,
           0.16993945747292094,
           0.3848009015854612,
           0.32848848732609026,
           0.3721526745160816,
           0.38714105822208245,
           0.44097412425430343,
           0.25907650516059066,
           0.2211859946483492,
           0.35407999566583004,
           0.32936802623988015,
           0.3676737375115031,
           0.3881046293552105,
           0.22819800536763962,
           0.2323564991000944
          ],
          [
           0.4678310441893644,
           0.2264170008687701,
           0.3424587759274917,
           0.2911247896965419,
           0.44952512285247714,
           0.5812832550915965,
           0.3725811876949751,
           1,
           0.1905560473141088,
           0.4836733124882574,
           0.43233878994713504,
           0.5540300755985024,
           0.25093982962882666,
           0.24506935938322705,
           0.3367350348313613,
           0.38930424087015825,
           0.31898418176355836,
           0.4921236567572009,
           0.1873958869577406,
           0.4621207108198449,
           0.3911305376911832,
           0.4320772586691283,
           0.4521205201116167,
           0.45734497492985987,
           0.30986091499741697,
           0.2697841923023902,
           0.42284279738936176,
           0.4229041970212618,
           0.4359063595748172,
           0.48313082200279767,
           0.270661383652351,
           0.2739186526259856
          ],
          [
           0.19367392658930463,
           0.10710824660747809,
           0.14599545007088532,
           0.1382585076596228,
           0.19094973324318987,
           0.2286618799193608,
           0.1601790177778456,
           0.1905560473141088,
           1,
           0.19275541272690794,
           0.17041800343440874,
           0.22614620504273877,
           0.13612434624577638,
           0.10854979615783149,
           0.1532523462871943,
           0.1633120609025944,
           0.13868030849726354,
           0.19881079507683982,
           0.09527920158452649,
           0.18363482014573035,
           0.1760916145345511,
           0.17465545487087827,
           0.1869594847038617,
           0.1855652857969332,
           0.13622601477069377,
           0.12997342952571392,
           0.1746936649082547,
           0.17153345571854597,
           0.1819758385947192,
           0.19097501474332326,
           0.13497405161087947,
           0.12560235214956997
          ],
          [
           0.5675023926844959,
           0.23173788941745183,
           0.3612495550563765,
           0.3058001257644248,
           0.5173850330600206,
           0.6654328513827498,
           0.4043493265755074,
           0.4836733124882574,
           0.19275541272690794,
           1,
           0.5972429474145157,
           0.731425973124004,
           0.2663074607118526,
           0.27186624829937117,
           0.36992290048784365,
           0.42678254705233754,
           0.36191672243024414,
           0.6897013674976477,
           0.1960809700549945,
           0.5454585072972313,
           0.4171887165450373,
           0.5152882579137874,
           0.5050012436143027,
           0.584087768247371,
           0.32630332908195475,
           0.28452951031001616,
           0.48168982087416307,
           0.44192473369786545,
           0.581130956988236,
           0.5109168278277881,
           0.27587269581444673,
           0.27816235950974283
          ],
          [
           0.48863522217576605,
           0.20990523833585337,
           0.3138932911964641,
           0.27191121204218394,
           0.45128190564297915,
           0.5711571363981007,
           0.35663667410824185,
           0.43233878994713504,
           0.17041800343440874,
           0.5972429474145157,
           1,
           0.6065374798383371,
           0.24079073872762502,
           0.22577926918364472,
           0.3192420074356567,
           0.3752584676117492,
           0.316448243670888,
           0.5705734002233875,
           0.1748395309959641,
           0.46411083719573293,
           0.3696053692308859,
           0.45060899137657995,
           0.4472307474660511,
           0.4951764942131928,
           0.2871074563491411,
           0.2590582715554881,
           0.42373778483117136,
           0.3921473418957975,
           0.5017002572220369,
           0.4493926296562686,
           0.24249830506853348,
           0.2513454017237467
          ],
          [
           0.6322231439590346,
           0.2603844338829754,
           0.4022533734256785,
           0.3550586359193206,
           0.5877265192227583,
           0.7712219531523894,
           0.4402621064484953,
           0.5540300755985024,
           0.22614620504273877,
           0.731425973124004,
           0.6065374798383371,
           1,
           0.2986785985550007,
           0.3312062997007159,
           0.4076481469871437,
           0.49222049702639503,
           0.4246711871109105,
           0.7311389079966402,
           0.2237511292400554,
           0.6000924572321622,
           0.4778863926032916,
           0.5560997651553861,
           0.5679108052324437,
           0.6337297211723194,
           0.37656424318818155,
           0.3372220116429014,
           0.5373289948079203,
           0.5136575999163911,
           0.6363849141612443,
           0.5783084635583938,
           0.3163108905973001,
           0.3193095199800765
          ],
          [
           0.27050584634556807,
           0.15519656183958747,
           0.20128958430271057,
           0.1823300306877012,
           0.28406988527205546,
           0.3055953073322452,
           0.22357746181316962,
           0.25093982962882666,
           0.13612434624577638,
           0.2663074607118526,
           0.24079073872762502,
           0.2986785985550007,
           1,
           0.15055109888367066,
           0.20685504016037767,
           0.22993794053659147,
           0.2058375461435604,
           0.2698169065015218,
           0.1862354642532542,
           0.25576374689528397,
           0.22837660050284259,
           0.24543270333514303,
           0.24802765889018472,
           0.2577872361199574,
           0.18636567264697693,
           0.17218145410801827,
           0.24814841635929205,
           0.2238293520407728,
           0.25191260257494574,
           0.2563819879374083,
           0.178010405893117,
           0.17050662738153882
          ],
          [
           0.2510487256698734,
           0.136536337993043,
           0.1831569051994196,
           0.157802232908953,
           0.27233509406556233,
           0.3051373332057753,
           0.20478069175886,
           0.24506935938322705,
           0.10854979615783149,
           0.27186624829937117,
           0.22577926918364472,
           0.3312062997007159,
           0.15055109888367066,
           1,
           0.19117967797603694,
           0.21703175543758998,
           0.18205297733451745,
           0.26566964561055406,
           0.10465628294159038,
           0.24474708866855746,
           0.23013817717903526,
           0.23054933366713012,
           0.24225362832455855,
           0.23987992343593845,
           0.16864061473652417,
           0.1524066978390485,
           0.22638636540007248,
           0.22420702730683945,
           0.24452938512847155,
           0.25382925627681535,
           0.16435338128118296,
           0.1474021740268042
          ],
          [
           0.35002899311054364,
           0.1816897297200048,
           0.26166471031909133,
           0.2193453000597369,
           0.3425174434921926,
           0.40008797274217284,
           0.28865565111390296,
           0.3367350348313613,
           0.1532523462871943,
           0.36992290048784365,
           0.3192420074356567,
           0.4076481469871437,
           0.20685504016037767,
           0.19117967797603694,
           1,
           0.2882524985940428,
           0.2472384060592783,
           0.3692957143562065,
           0.15240328344368848,
           0.35768993390065273,
           0.3189312961596414,
           0.3778652269838892,
           0.36287549243801004,
           0.3599690957957854,
           0.2616298065238794,
           0.20205451394326554,
           0.3155296117904816,
           0.29722541646768363,
           0.3307609760052762,
           0.34805062592527064,
           0.22366912424929628,
           0.21297988991262234
          ],
          [
           0.4135523067068945,
           0.20123558911304204,
           0.287641251701618,
           0.25801984147994117,
           0.39831003795088715,
           0.5038548877647858,
           0.31894668692682737,
           0.38930424087015825,
           0.1633120609025944,
           0.42678254705233754,
           0.3752584676117492,
           0.49222049702639503,
           0.22993794053659147,
           0.21703175543758998,
           0.2882524985940428,
           1,
           0.28935695250900784,
           0.42800926578352977,
           0.1709008819935196,
           0.39733326331888863,
           0.34067499784304883,
           0.3637513579306112,
           0.38492889891219073,
           0.3961400499287109,
           0.2667541553056259,
           0.23917161014980773,
           0.3660742084991471,
           0.3542025979801621,
           0.39024385837871495,
           0.39974737614276545,
           0.24402552198979693,
           0.23743607094256064
          ],
          [
           0.36841301291314943,
           0.17488145278448364,
           0.2496486443264267,
           0.21944157933428332,
           0.35800839487516867,
           0.41876461929595243,
           0.27316161531795136,
           0.31898418176355836,
           0.13868030849726354,
           0.36191672243024414,
           0.316448243670888,
           0.4246711871109105,
           0.2058375461435604,
           0.18205297733451745,
           0.2472384060592783,
           0.28935695250900784,
           1,
           0.3680478084675075,
           0.16026902975505808,
           0.3281170999475385,
           0.2603215975086795,
           0.31453062210848376,
           0.3264259556000119,
           0.3615172654723876,
           0.23101119997631114,
           0.1989170638981253,
           0.3240297828291822,
           0.295835061610552,
           0.3477616772564422,
           0.3408822635920839,
           0.19702041548398838,
           0.1934218734086261
          ],
          [
           0.5637306764772058,
           0.23429699457497485,
           0.3583603683389165,
           0.3100817242687348,
           0.5316414842000241,
           0.697759297760028,
           0.3991982244587935,
           0.4921236567572009,
           0.19881079507683982,
           0.6897013674976477,
           0.5705734002233875,
           0.7311389079966402,
           0.2698169065015218,
           0.26566964561055406,
           0.3692957143562065,
           0.42800926578352977,
           0.3680478084675075,
           1,
           0.20273272865736813,
           0.5542476867258332,
           0.41727560075082165,
           0.5067935895163079,
           0.5053409369125367,
           0.5771242880688768,
           0.3311359303986959,
           0.29318131901214683,
           0.4820959790817809,
           0.46156297956165004,
           0.5871415178554784,
           0.5089654209372729,
           0.2790362877067066,
           0.28294225571952786
          ],
          [
           0.19952068931348738,
           0.10921042365345318,
           0.1562476936490539,
           0.14304997889012513,
           0.22257955493209405,
           0.23701663666770587,
           0.16993945747292094,
           0.1873958869577406,
           0.09527920158452649,
           0.1960809700549945,
           0.1748395309959641,
           0.2237511292400554,
           0.1862354642532542,
           0.10465628294159038,
           0.15240328344368848,
           0.1709008819935196,
           0.16026902975505808,
           0.20273272865736813,
           1,
           0.18726257252348827,
           0.15686700563579128,
           0.1781912267271145,
           0.18798557605891703,
           0.19817483765318483,
           0.1527833147549084,
           0.11856636253836543,
           0.18319079817735315,
           0.16705592433027175,
           0.18964348165508801,
           0.1876881207983874,
           0.13220192195094482,
           0.1231707915514451
          ],
          [
           0.5123940837812748,
           0.22742589129576066,
           0.3456943850735324,
           0.2924999266951586,
           0.48327664441347595,
           0.62345204497669,
           0.3848009015854612,
           0.4621207108198449,
           0.18363482014573035,
           0.5454585072972313,
           0.46411083719573293,
           0.6000924572321622,
           0.25576374689528397,
           0.24474708866855746,
           0.35768993390065273,
           0.39733326331888863,
           0.3281170999475385,
           0.5542476867258332,
           0.18726257252348827,
           1,
           0.3957835633386947,
           0.5276857502204693,
           0.5046031536823391,
           0.5074680945441334,
           0.32464803078830873,
           0.2684688056385103,
           0.4457527211638233,
           0.42294408377692344,
           0.4788498071329804,
           0.4832503797778663,
           0.26977814138350426,
           0.26030356714442376
          ],
          [
           0.3923292803110487,
           0.2051822470055759,
           0.29147484671241075,
           0.24548048605853603,
           0.3724092918467939,
           0.4717690504215282,
           0.32848848732609026,
           0.3911305376911832,
           0.1760916145345511,
           0.4171887165450373,
           0.3696053692308859,
           0.4778863926032916,
           0.22837660050284259,
           0.23013817717903526,
           0.3189312961596414,
           0.34067499784304883,
           0.2603215975086795,
           0.41727560075082165,
           0.15686700563579128,
           0.3957835633386947,
           1,
           0.38911718486334823,
           0.420103769787483,
           0.3867602806342585,
           0.259925107687959,
           0.24042622904402913,
           0.3578394180686479,
           0.3504033195589901,
           0.36802405125103166,
           0.41309568244071476,
           0.2566160363562773,
           0.2461538606108288
          ],
          [
           0.49110797412706714,
           0.2169196317926427,
           0.3329338586535359,
           0.269329100598521,
           0.4449910370897455,
           0.537194852914349,
           0.3721526745160816,
           0.4320772586691283,
           0.17465545487087827,
           0.5152882579137874,
           0.45060899137657995,
           0.5560997651553861,
           0.24543270333514303,
           0.23054933366713012,
           0.3778652269838892,
           0.3637513579306112,
           0.31453062210848376,
           0.5067935895163079,
           0.1781912267271145,
           0.5276857502204693,
           0.38911718486334823,
           1,
           0.49778650161488,
           0.4955856997694476,
           0.30776825997567986,
           0.2538765125226734,
           0.4252962172137777,
           0.37813971034962945,
           0.46291647987740475,
           0.4526871127172904,
           0.26124552449952454,
           0.26084448950509526
          ],
          [
           0.4850336999754058,
           0.23442219600314393,
           0.34117002227435544,
           0.27914547998047395,
           0.4405022180293144,
           0.5813828759041981,
           0.38714105822208245,
           0.4521205201116167,
           0.1869594847038617,
           0.5050012436143027,
           0.4472307474660511,
           0.5679108052324437,
           0.24802765889018472,
           0.24225362832455855,
           0.36287549243801004,
           0.38492889891219073,
           0.3264259556000119,
           0.5053409369125367,
           0.18798557605891703,
           0.5046031536823391,
           0.420103769787483,
           0.49778650161488,
           1,
           0.47774002009335026,
           0.31383579417029006,
           0.26330126521361435,
           0.42679346499785153,
           0.4052386824411797,
           0.45049561841928265,
           0.4705024700127141,
           0.2765102297743861,
           0.2621702127729727
          ],
          [
           0.544860395231951,
           0.2258126521065093,
           0.34972022002138553,
           0.28748708136114653,
           0.49158215686644646,
           0.6066486453847616,
           0.44097412425430343,
           0.45734497492985987,
           0.1855652857969332,
           0.584087768247371,
           0.4951764942131928,
           0.6337297211723194,
           0.2577872361199574,
           0.23987992343593845,
           0.3599690957957854,
           0.3961400499287109,
           0.3615172654723876,
           0.5771242880688768,
           0.19817483765318483,
           0.5074680945441334,
           0.3867602806342585,
           0.4955856997694476,
           0.47774002009335026,
           1,
           0.31622220374135457,
           0.2703185891438882,
           0.4581236797210934,
           0.4070324386794937,
           0.5498475640488276,
           0.4839586104399298,
           0.2712633440593858,
           0.26924279272445695
          ],
          [
           0.3205258145219551,
           0.1614943312872133,
           0.2356590576688711,
           0.2010957887621908,
           0.3303034503191882,
           0.4008050965901899,
           0.25907650516059066,
           0.30986091499741697,
           0.13622601477069377,
           0.32630332908195475,
           0.2871074563491411,
           0.37656424318818155,
           0.18636567264697693,
           0.16864061473652417,
           0.2616298065238794,
           0.2667541553056259,
           0.23101119997631114,
           0.3311359303986959,
           0.1527833147549084,
           0.32464803078830873,
           0.259925107687959,
           0.30776825997567986,
           0.31383579417029006,
           0.31622220374135457,
           1,
           0.1857608557139672,
           0.29167757613537165,
           0.2813240266862626,
           0.2999850389623285,
           0.31285642274995407,
           0.19698611570125799,
           0.18219547894572852
          ],
          [
           0.2778821166684189,
           0.14081866313457045,
           0.20160865104539458,
           0.18067955880330513,
           0.27598832899488623,
           0.3438937012759171,
           0.2211859946483492,
           0.2697841923023902,
           0.12997342952571392,
           0.28452951031001616,
           0.2590582715554881,
           0.3372220116429014,
           0.17218145410801827,
           0.1524066978390485,
           0.20205451394326554,
           0.23917161014980773,
           0.1989170638981253,
           0.29318131901214683,
           0.11856636253836543,
           0.2684688056385103,
           0.24042622904402913,
           0.2538765125226734,
           0.26330126521361435,
           0.2703185891438882,
           0.1857608557139672,
           1,
           0.2510669824933738,
           0.2420127670928037,
           0.2693412864103148,
           0.2716522946288242,
           0.1776386743948101,
           0.17157803108988068
          ],
          [
           0.48775146230888766,
           0.216303883798185,
           0.3205005920238672,
           0.276855589243908,
           0.45084248272214167,
           0.5495012601256049,
           0.35407999566583004,
           0.42284279738936176,
           0.1746936649082547,
           0.48168982087416307,
           0.42373778483117136,
           0.5373289948079203,
           0.24814841635929205,
           0.22638636540007248,
           0.3155296117904816,
           0.3660742084991471,
           0.3240297828291822,
           0.4820959790817809,
           0.18319079817735315,
           0.4457527211638233,
           0.3578394180686479,
           0.4252962172137777,
           0.42679346499785153,
           0.4581236797210934,
           0.29167757613537165,
           0.2510669824933738,
           1,
           0.3860637420213884,
           0.48903171530426987,
           0.43454235731793633,
           0.2597582737988,
           0.261001537621593
          ],
          [
           0.4263614790004885,
           0.20238993857436274,
           0.3051715824465606,
           0.2595326775237442,
           0.4183609615728916,
           0.5825033800082783,
           0.32936802623988015,
           0.4229041970212618,
           0.17153345571854597,
           0.44192473369786545,
           0.3921473418957975,
           0.5136575999163911,
           0.2238293520407728,
           0.22420702730683945,
           0.29722541646768363,
           0.3542025979801621,
           0.295835061610552,
           0.46156297956165004,
           0.16705592433027175,
           0.42294408377692344,
           0.3504033195589901,
           0.37813971034962945,
           0.4052386824411797,
           0.4070324386794937,
           0.2813240266862626,
           0.2420127670928037,
           0.3860637420213884,
           1,
           0.3976156345362157,
           0.43334059728130264,
           0.24170162406912016,
           0.24361279246083742
          ],
          [
           0.5367840734047857,
           0.21583541866243453,
           0.329739711806017,
           0.2779837757929141,
           0.49316577162593284,
           0.5946619131599712,
           0.3676737375115031,
           0.4359063595748172,
           0.1819758385947192,
           0.581130956988236,
           0.5017002572220369,
           0.6363849141612443,
           0.25191260257494574,
           0.24452938512847155,
           0.3307609760052762,
           0.39024385837871495,
           0.3477616772564422,
           0.5871415178554784,
           0.18964348165508801,
           0.4788498071329804,
           0.36802405125103166,
           0.46291647987740475,
           0.45049561841928265,
           0.5498475640488276,
           0.2999850389623285,
           0.2693412864103148,
           0.48903171530426987,
           0.3976156345362157,
           1,
           0.45992920244486885,
           0.25581343232403836,
           0.26146320221778563
          ],
          [
           0.49284658747468246,
           0.23932795374405766,
           0.34472054287482,
           0.2958472999547617,
           0.4652835548196086,
           0.6022806263409112,
           0.3881046293552105,
           0.48313082200279767,
           0.19097501474332326,
           0.5109168278277881,
           0.4493926296562686,
           0.5783084635583938,
           0.2563819879374083,
           0.25382925627681535,
           0.34805062592527064,
           0.39974737614276545,
           0.3408822635920839,
           0.5089654209372729,
           0.1876881207983874,
           0.4832503797778663,
           0.41309568244071476,
           0.4526871127172904,
           0.4705024700127141,
           0.4839586104399298,
           0.31285642274995407,
           0.2716522946288242,
           0.43454235731793633,
           0.43334059728130264,
           0.45992920244486885,
           1,
           0.27188555184144336,
           0.27954609663351704
          ],
          [
           0.2728840340305154,
           0.15687041784079936,
           0.20651519214781563,
           0.18141112034168827,
           0.2761747545592702,
           0.32909291298012394,
           0.22819800536763962,
           0.270661383652351,
           0.13497405161087947,
           0.27587269581444673,
           0.24249830506853348,
           0.3163108905973001,
           0.178010405893117,
           0.16435338128118296,
           0.22366912424929628,
           0.24402552198979693,
           0.19702041548398838,
           0.2790362877067066,
           0.13220192195094482,
           0.26977814138350426,
           0.2566160363562773,
           0.26124552449952454,
           0.2765102297743861,
           0.2712633440593858,
           0.19698611570125799,
           0.1776386743948101,
           0.2597582737988,
           0.24170162406912016,
           0.25581343232403836,
           0.27188555184144336,
           1,
           0.18086822453940607
          ],
          [
           0.2818434981935388,
           0.14498973444638588,
           0.19989390643951502,
           0.1946077368561103,
           0.26863459989922683,
           0.3297895020665673,
           0.2323564991000944,
           0.2739186526259856,
           0.12560235214956997,
           0.27816235950974283,
           0.2513454017237467,
           0.3193095199800765,
           0.17050662738153882,
           0.1474021740268042,
           0.21297988991262234,
           0.23743607094256064,
           0.1934218734086261,
           0.28294225571952786,
           0.1231707915514451,
           0.26030356714442376,
           0.2461538606108288,
           0.26084448950509526,
           0.2621702127729727,
           0.26924279272445695,
           0.18219547894572852,
           0.17157803108988068,
           0.261001537621593,
           0.24361279246083742,
           0.26146320221778563,
           0.27954609663351704,
           0.18086822453940607,
           1
          ]
         ],
         "zmax": 1,
         "zmin": -1
        }
       ],
       "layout": {
        "autosize": true,
        "xaxis": {
         "automargin": true,
         "side": "bottom",
         "tickangle": 90
