{
 "cells": [
  {
   "cell_type": "code",
   "execution_count": 296,
   "metadata": {},
   "outputs": [
    {
     "name": "stdout",
     "output_type": "stream",
     "text": [
      "The autoreload extension is already loaded. To reload it, use:\n",
      "  %reload_ext autoreload\n"
     ]
    },
    {
     "data": {
      "text/html": [
       "        <script type=\"text/javascript\">\n",
       "        window.PlotlyConfig = {MathJaxConfig: 'local'};\n",
       "        if (window.MathJax) {MathJax.Hub.Config({SVG: {font: \"STIX-Web\"}});}\n",
       "        if (typeof require !== 'undefined') {\n",
       "        require.undef(\"plotly\");\n",
       "        requirejs.config({\n",
       "            paths: {\n",
       "                'plotly': ['https://cdn.plot.ly/plotly-latest.min']\n",
       "            }\n",
       "        });\n",
       "        require(['plotly'], function(Plotly) {\n",
       "            window._Plotly = Plotly;\n",
       "        });\n",
       "        }\n",
       "        </script>\n",
       "        "
      ]
     },
     "metadata": {},
     "output_type": "display_data"
    }
   ],
   "source": [
    "%load_ext autoreload\n",
    "\n",
    "import utils as ut\n",
    "import plot_tools as plt\n",
    "import stat_tools as st\n",
    "import pandas as pd\n",
    "import plotly\n",
    "\n",
    "%autoreload 2\n",
    "\n",
    "plotly.offline.init_notebook_mode(connected=True)"
   ]
  },
  {
   "cell_type": "markdown",
   "metadata": {},
   "source": [
    "## Notes"
   ]
  },
  {
   "cell_type": "markdown",
   "metadata": {},
   "source": [
    "The data is extracted from the Binance API.\n",
    "\n",
    "https://github.com/binance-exchange/binance-official-api-docs/blob/master/rest-api.md#klinecandlestick-data\n",
    "\n",
    "Connection is made via the binance.py script, which enables local dump of the data\n",
    "\n",
    "The data precision is 1 minute"
   ]
  },
  {
   "cell_type": "markdown",
   "metadata": {},
   "source": [
    "## Study"
   ]
  },
  {
   "cell_type": "code",
   "execution_count": 297,
   "metadata": {},
   "outputs": [],
   "source": [
    "dataPath = \"/home/charbel/Documents/Stanford/Project/data/\""
   ]
  },
  {
   "cell_type": "code",
   "execution_count": 298,
   "metadata": {},
   "outputs": [
    {
     "name": "stderr",
     "output_type": "stream",
     "text": [
      "100%|██████████| 181/181 [00:01<00:00, 115.80it/s]\n"
     ]
    }
   ],
   "source": [
    "data = ut.load_data(dataPath, \"2019-01-01\", \"2019-06-30\")\n",
    "##PAXUSDT is a tether, we remove it\n",
    "data = data[data.ticker != \"PAXUSDT\"]"
   ]
  },
  {
   "cell_type": "code",
   "execution_count": 299,
   "metadata": {
    "scrolled": false
   },
   "outputs": [],
   "source": [
    "##Indexing the data\n",
    "data['close_time'] += 1\n",
    "ut.index(data)"
   ]
  },
  {
   "cell_type": "code",
   "execution_count": 300,
   "metadata": {},
   "outputs": [],
   "source": [
    "## Columns \n",
    "cols = ['close_time', 'ticker','close','volume_quote','buy_vol_quote','num_trades']\n",
    "data = data[cols]\n",
    "data.rename(columns = {'close_time':'t', 'close':'price', 'volume_quote':'volume', 'buy_vol_quote':'buy_vol'}, inplace=True)\n",
    "data.eval('sell_vol = volume - buy_vol', inplace=True)"
   ]
  },
  {
   "cell_type": "code",
   "execution_count": 301,
   "metadata": {},
   "outputs": [],
   "source": [
    "## Selecting tickers available from a certain date\n",
    "start_dates = pd.to_datetime(data.groupby('ticker').first().t, unit='ms').sort_values()\n",
    "tickers = start_dates[start_dates<='2019-01-02'].index\n",
    "data.query('ticker in @tickers', inplace=True)"
   ]
  },
  {
   "cell_type": "code",
   "execution_count": 302,
   "metadata": {
    "scrolled": true
   },
   "outputs": [],
   "source": [
    "##Just to check if duplicates (API seems to send duplicates when data not available)\n",
    "#t=data.groupby(['datetime','ticker']).count()\n",
    "#t[t>=2].dropna()"
   ]
  },
  {
   "cell_type": "code",
   "execution_count": 303,
   "metadata": {},
   "outputs": [],
   "source": [
    "data = data.drop_duplicates()"
   ]
  },
  {
   "cell_type": "markdown",
   "metadata": {},
   "source": [
    "We compute the returns for 5 min, 1 hour, and 12 hours (different timescales)"
   ]
  },
  {
   "cell_type": "code",
   "execution_count": 305,
   "metadata": {},
   "outputs": [],
   "source": [
    "st.compute_return(data, 'price', 'r5', 5)\n",
    "st.compute_return(data, 'price', 'r60', 60)\n",
    "st.compute_return(data, 'price', 'r720', 720)"
   ]
  },
  {
   "cell_type": "markdown",
   "metadata": {},
   "source": [
    "#### Cross-sectional correlations\n",
    "\n",
    "- The returns become more correlated when the lookback is bigger (as expected)\n",
    "- The binance coin (BNB) seems more isolated from the other coins"
   ]
  },
  {
   "cell_type": "code",
   "execution_count": 306,
   "metadata": {},
   "outputs": [
    {
     "data": {
      "application/vnd.plotly.v1+json": {
       "config": {
        "linkText": "Export to plot.ly",
        "plotlyServerURL": "https://plot.ly",
        "responsive": true,
        "showLink": false
       },
       "data": [
        {
         "colorscale": "RdBu",
         "type": "heatmap",
         "uid": "5a714a5c-bd0a-4bb1-934c-e15695a011dc",
         "x": [
          "ADAUSDT",
          "BNBUSDT",
          "BTCUSDT",
          "EOSUSDT",
          "ETCUSDT",
          "ETHUSDT",
          "IOTAUSDT",
          "LTCUSDT",
          "NEOUSDT",
          "ONTUSDT",
          "QTUMUSDT",
          "TRXUSDT",
          "VETUSDT",
          "XLMUSDT",
          "XRPUSDT"
         ],
         "y": [
          "ADAUSDT",
          "BNBUSDT",
          "BTCUSDT",
          "EOSUSDT",
          "ETCUSDT",
          "ETHUSDT",
          "IOTAUSDT",
          "LTCUSDT",
          "NEOUSDT",
          "ONTUSDT",
          "QTUMUSDT",
          "TRXUSDT",
          "VETUSDT",
          "XLMUSDT",
          "XRPUSDT"
         ],
         "z": [
          [
           1,
           0.3337619779337045,
           0.56162222709572,
           0.5567804821773134,
           0.49329357986054995,
           0.6202886588115628,
           0.4382764111312689,
           0.5492956682155455,
           0.5220860204628283,
           0.4411394818256533,
           0.3901887293315176,
           0.4968526822186787,
           0.35627274466310227,
           0.5098069015862315,
           0.5392453695976263
          ],
          [
           0.3337619779337045,
           1,
           0.3599474025088248,
           0.3411519847350627,
           0.30771593284322346,
           0.3797288338943178,
           0.2902466924265181,
           0.3379198498899743,
           0.3186663350447375,
           0.27867218075642125,
           0.240831242098687,
           0.31599668398551545,
           0.2482786824062695,
           0.3110588070885535,
           0.3195868298886867
          ],
          [
           0.56162222709572,
           0.3599474025088248,
           1,
           0.6619257950848705,
           0.5678359729877163,
           0.7567105894994756,
           0.5376455862278112,
           0.6391828940826675,
           0.5675916980854095,
           0.4765433167831069,
           0.46404512708394674,
           0.5248914892539579,
           0.4272067796792503,
           0.5606881128000366,
           0.6055420150901405
          ],
          [
           0.5567804821773134,
           0.3411519847350627,
           0.6619257950848705,
           1,
           0.563967935175918,
           0.7172865118174561,
           0.4683571158781994,
           0.6755939486114503,
           0.544693115474203,
           0.4595399842984321,
           0.40249773260759375,
           0.5041352004522033,
           0.3667682158034041,
           0.5109008441212018,
           0.587977652304102
          ],
          [
           0.49329357986054995,
           0.30771593284322346,
           0.5678359729877163,
           0.563967935175918,
           1,
           0.6127015371796789,
           0.4228290176745942,
           0.5584837412076352,
           0.4958820613662903,
           0.40252625585834734,
           0.38371244889707856,
           0.44812613815721747,
           0.3385764751526971,
           0.46559688973874247,
           0.5154032799430054
          ],
          [
           0.6202886588115628,
           0.3797288338943178,
           0.7567105894994756,
           0.7172865118174561,
           0.6127015371796789,
           1,
           0.5360063814161407,
           0.6968933613202781,
           0.6184791535867532,
           0.49693134318724663,
           0.45993199229187437,
           0.5595378710494688,
           0.43085199478003433,
           0.5749594849405346,
           0.6414869073366931
          ],
          [
           0.4382764111312689,
           0.2902466924265181,
           0.5376455862278112,
           0.4683571158781994,
           0.4228290176745942,
           0.5360063814161407,
           1,
           0.4476593269264382,
           0.4347839278457858,
           0.36447773015230917,
           0.34990131984263495,
           0.39273156047296937,
           0.32423389991328583,
           0.42684042210545936,
           0.45187893424297465
          ],
          [
           0.5492956682155455,
           0.3379198498899743,
           0.6391828940826675,
           0.6755939486114503,
           0.5584837412076352,
           0.6968933613202781,
           0.4476593269264382,
           1,
           0.543518229828451,
           0.44192244774112777,
           0.3883998632416051,
           0.4862527652403976,
           0.3615238679205462,
           0.49834369726388944,
           0.5596202419971096
          ],
          [
           0.5220860204628283,
           0.3186663350447375,
           0.5675916980854095,
           0.544693115474203,
           0.4958820613662903,
           0.6184791535867532,
           0.4347839278457858,
           0.543518229828451,
           1,
           0.4410672903609205,
           0.42610821426660733,
           0.4657161762028427,
           0.3584833468932521,
           0.4826006518481818,
           0.5027069635147965
          ],
          [
           0.4411394818256533,
           0.27867218075642125,
           0.4765433167831069,
           0.4595399842984321,
           0.40252625585834734,
           0.49693134318724663,
           0.36447773015230917,
           0.44192244774112777,
           0.4410672903609205,
           1,
           0.36073615186928976,
           0.39254353135450865,
           0.30349998672427314,
           0.40486832062360373,
           0.4170580514596716
          ],
          [
           0.3901887293315176,
           0.240831242098687,
           0.46404512708394674,
           0.40249773260759375,
           0.38371244889707856,
           0.45993199229187437,
           0.34990131984263495,
           0.3883998632416051,
           0.42610821426660733,
           0.36073615186928976,
           1,
           0.34649376558553097,
           0.29514233435596937,
           0.382251007107355,
           0.37987884494501556
          ],
          [
           0.4968526822186787,
           0.31599668398551545,
           0.5248914892539579,
           0.5041352004522033,
           0.44812613815721747,
           0.5595378710494688,
           0.39273156047296937,
           0.4862527652403976,
           0.4657161762028427,
           0.39254353135450865,
           0.34649376558553097,
           1,
           0.31794476496301116,
           0.451651661957104,
           0.5060272928584515
          ],
          [
           0.35627274466310227,
           0.2482786824062695,
           0.4272067796792503,
           0.3667682158034041,
           0.3385764751526971,
           0.43085199478003433,
           0.32423389991328583,
           0.3615238679205462,
           0.3584833468932521,
           0.30349998672427314,
           0.29514233435596937,
           0.31794476496301116,
           1,
           0.35152526758943037,
           0.3479918028021855
          ],
          [
           0.5098069015862315,
           0.3110588070885535,
           0.5606881128000366,
           0.5109008441212018,
           0.46559688973874247,
           0.5749594849405346,
           0.42684042210545936,
           0.49834369726388944,
           0.4826006518481818,
           0.40486832062360373,
           0.382251007107355,
           0.451651661957104,
           0.35152526758943037,
           1,
           0.5514405730888509
          ],
          [
           0.5392453695976263,
           0.3195868298886867,
           0.6055420150901405,
           0.587977652304102,
           0.5154032799430054,
           0.6414869073366931,
           0.45187893424297465,
           0.5596202419971096,
           0.5027069635147965,
           0.4170580514596716,
           0.37987884494501556,
           0.5060272928584515,
           0.3479918028021855,
           0.5514405730888509,
           1
          ]
         ],
         "zmax": 1,
         "zmin": -1
        }
       ],
       "layout": {
        "autosize": true,
        "xaxis": {
         "automargin": true,
         "side": "bottom",
         "tickangle": 90
        },
        "yaxis": {
         "automargin": true,
         "autorange": "reversed"
        }
       }
      },
      "text/html": [
       "<div>\n",
       "        \n",
       "        \n",
       "            <div id=\"3dca4444-e248-45af-a656-f6dff3c25fde\" class=\"plotly-graph-div\" style=\"height:525px; width:100%;\"></div>\n",
       "            <script type=\"text/javascript\">\n",
       "                require([\"plotly\"], function(Plotly) {\n",
       "                    window.PLOTLYENV=window.PLOTLYENV || {};\n",
       "                    window.PLOTLYENV.BASE_URL='https://plot.ly';\n",
       "                    \n",
       "                if (document.getElementById(\"3dca4444-e248-45af-a656-f6dff3c25fde\")) {\n",
       "                    Plotly.newPlot(\n",
       "                        '3dca4444-e248-45af-a656-f6dff3c25fde',\n",
       "                        [{\"colorscale\": \"RdBu\", \"type\": \"heatmap\", \"uid\": \"00e9ad63-77d0-49d2-bab5-b944c6e861b6\", \"x\": [\"ADAUSDT\", \"BNBUSDT\", \"BTCUSDT\", \"EOSUSDT\", \"ETCUSDT\", \"ETHUSDT\", \"IOTAUSDT\", \"LTCUSDT\", \"NEOUSDT\", \"ONTUSDT\", \"QTUMUSDT\", \"TRXUSDT\", \"VETUSDT\", \"XLMUSDT\", \"XRPUSDT\"], \"y\": [\"ADAUSDT\", \"BNBUSDT\", \"BTCUSDT\", \"EOSUSDT\", \"ETCUSDT\", \"ETHUSDT\", \"IOTAUSDT\", \"LTCUSDT\", \"NEOUSDT\", \"ONTUSDT\", \"QTUMUSDT\", \"TRXUSDT\", \"VETUSDT\", \"XLMUSDT\", \"XRPUSDT\"], \"z\": [[1.0, 0.3337619779337045, 0.56162222709572, 0.5567804821773134, 0.49329357986054995, 0.6202886588115628, 0.4382764111312689, 0.5492956682155455, 0.5220860204628283, 0.4411394818256533, 0.3901887293315176, 0.4968526822186787, 0.35627274466310227, 0.5098069015862315, 0.5392453695976263], [0.3337619779337045, 1.0, 0.3599474025088248, 0.3411519847350627, 0.30771593284322346, 0.3797288338943178, 0.2902466924265181, 0.3379198498899743, 0.3186663350447375, 0.27867218075642125, 0.240831242098687, 0.31599668398551545, 0.2482786824062695, 0.3110588070885535, 0.3195868298886867], [0.56162222709572, 0.3599474025088248, 1.0, 0.6619257950848705, 0.5678359729877163, 0.7567105894994756, 0.5376455862278112, 0.6391828940826675, 0.5675916980854095, 0.4765433167831069, 0.46404512708394674, 0.5248914892539579, 0.4272067796792503, 0.5606881128000366, 0.6055420150901405], [0.5567804821773134, 0.3411519847350627, 0.6619257950848705, 1.0, 0.563967935175918, 0.7172865118174561, 0.4683571158781994, 0.6755939486114503, 0.544693115474203, 0.4595399842984321, 0.40249773260759375, 0.5041352004522033, 0.3667682158034041, 0.5109008441212018, 0.587977652304102], [0.49329357986054995, 0.30771593284322346, 0.5678359729877163, 0.563967935175918, 1.0, 0.6127015371796789, 0.4228290176745942, 0.5584837412076352, 0.4958820613662903, 0.40252625585834734, 0.38371244889707856, 0.44812613815721747, 0.3385764751526971, 0.46559688973874247, 0.5154032799430054], [0.6202886588115628, 0.3797288338943178, 0.7567105894994756, 0.7172865118174561, 0.6127015371796789, 1.0, 0.5360063814161407, 0.6968933613202781, 0.6184791535867532, 0.49693134318724663, 0.45993199229187437, 0.5595378710494688, 0.43085199478003433, 0.5749594849405346, 0.6414869073366931], [0.4382764111312689, 0.2902466924265181, 0.5376455862278112, 0.4683571158781994, 0.4228290176745942, 0.5360063814161407, 1.0, 0.4476593269264382, 0.4347839278457858, 0.36447773015230917, 0.34990131984263495, 0.39273156047296937, 0.32423389991328583, 0.42684042210545936, 0.45187893424297465], [0.5492956682155455, 0.3379198498899743, 0.6391828940826675, 0.6755939486114503, 0.5584837412076352, 0.6968933613202781, 0.4476593269264382, 1.0, 0.543518229828451, 0.44192244774112777, 0.3883998632416051, 0.4862527652403976, 0.3615238679205462, 0.49834369726388944, 0.5596202419971096], [0.5220860204628283, 0.3186663350447375, 0.5675916980854095, 0.544693115474203, 0.4958820613662903, 0.6184791535867532, 0.4347839278457858, 0.543518229828451, 1.0, 0.4410672903609205, 0.42610821426660733, 0.4657161762028427, 0.3584833468932521, 0.4826006518481818, 0.5027069635147965], [0.4411394818256533, 0.27867218075642125, 0.4765433167831069, 0.4595399842984321, 0.40252625585834734, 0.49693134318724663, 0.36447773015230917, 0.44192244774112777, 0.4410672903609205, 1.0, 0.36073615186928976, 0.39254353135450865, 0.30349998672427314, 0.40486832062360373, 0.4170580514596716], [0.3901887293315176, 0.240831242098687, 0.46404512708394674, 0.40249773260759375, 0.38371244889707856, 0.45993199229187437, 0.34990131984263495, 0.3883998632416051, 0.42610821426660733, 0.36073615186928976, 1.0, 0.34649376558553097, 0.29514233435596937, 0.382251007107355, 0.37987884494501556], [0.4968526822186787, 0.31599668398551545, 0.5248914892539579, 0.5041352004522033, 0.44812613815721747, 0.5595378710494688, 0.39273156047296937, 0.4862527652403976, 0.4657161762028427, 0.39254353135450865, 0.34649376558553097, 1.0, 0.31794476496301116, 0.451651661957104, 0.5060272928584515], [0.35627274466310227, 0.2482786824062695, 0.4272067796792503, 0.3667682158034041, 0.3385764751526971, 0.43085199478003433, 0.32423389991328583, 0.3615238679205462, 0.3584833468932521, 0.30349998672427314, 0.29514233435596937, 0.31794476496301116, 1.0, 0.35152526758943037, 0.3479918028021855], [0.5098069015862315, 0.3110588070885535, 0.5606881128000366, 0.5109008441212018, 0.46559688973874247, 0.5749594849405346, 0.42684042210545936, 0.49834369726388944, 0.4826006518481818, 0.40486832062360373, 0.382251007107355, 0.451651661957104, 0.35152526758943037, 1.0, 0.5514405730888509], [0.5392453695976263, 0.3195868298886867, 0.6055420150901405, 0.587977652304102, 0.5154032799430054, 0.6414869073366931, 0.45187893424297465, 0.5596202419971096, 0.5027069635147965, 0.4170580514596716, 0.37987884494501556, 0.5060272928584515, 0.3479918028021855, 0.5514405730888509, 1.0]], \"zmax\": 1, \"zmin\": -1}],\n",
       "                        {\"autosize\": true, \"xaxis\": {\"automargin\": true, \"side\": \"bottom\", \"tickangle\": 90}, \"yaxis\": {\"automargin\": true, \"autorange\": \"reversed\"}},\n",
       "                        {\"showLink\": false, \"linkText\": \"Export to plot.ly\", \"plotlyServerURL\": \"https://plot.ly\", \"responsive\": true}\n",
       "                    ).then(function(){\n",
       "                            \n",
       "var gd = document.getElementById('3dca4444-e248-45af-a656-f6dff3c25fde');\n",
       "var x = new MutationObserver(function (mutations, observer) {{\n",
       "        var display = window.getComputedStyle(gd).display;\n",
       "        if (!display || display === 'none') {{\n",
       "            console.log([gd, 'removed!']);\n",
       "            Plotly.purge(gd);\n",
       "            observer.disconnect();\n",
       "        }}\n",
       "}});\n",
       "\n",
       "// Listen for the removal of the full notebook cells\n",
       "var notebookContainer = gd.closest('#notebook-container');\n",
       "if (notebookContainer) {{\n",
       "    x.observe(notebookContainer, {childList: true});\n",
       "}}\n",
       "\n",
       "// Listen for the clearing of the current output cell\n",
       "var outputEl = gd.closest('.output');\n",
       "if (outputEl) {{\n",
       "    x.observe(outputEl, {childList: true});\n",
       "}}\n",
       "\n",
       "                        })\n",
       "                };\n",
       "                });\n",
       "            </script>\n",
       "        </div>"
      ]
     },
     "metadata": {},
     "output_type": "display_data"
    },
    {
     "data": {
      "application/vnd.plotly.v1+json": {
       "config": {
        "linkText": "Export to plot.ly",
        "plotlyServerURL": "https://plot.ly",
        "responsive": true,
        "showLink": false
       },
       "data": [
        {
         "colorscale": "RdBu",
         "type": "heatmap",
         "uid": "fb3e9fac-d557-49bd-9f7e-0bd088af901b",
         "x": [
          "ADAUSDT",
          "BNBUSDT",
          "BTCUSDT",
          "EOSUSDT",
          "ETCUSDT",
          "ETHUSDT",
          "IOTAUSDT",
          "LTCUSDT",
          "NEOUSDT",
          "ONTUSDT",
          "QTUMUSDT",
          "TRXUSDT",
          "VETUSDT",
          "XLMUSDT",
          "XRPUSDT"
         ],
         "y": [
          "ADAUSDT",
          "BNBUSDT",
          "BTCUSDT",
          "EOSUSDT",
          "ETCUSDT",
          "ETHUSDT",
          "IOTAUSDT",
          "LTCUSDT",
          "NEOUSDT",
          "ONTUSDT",
          "QTUMUSDT",
          "TRXUSDT",
          "VETUSDT",
          "XLMUSDT",
          "XRPUSDT"
         ],
         "z": [
          [
           1,
           0.40885129614948196,
           0.6220550357746878,
           0.6967177514204628,
           0.6410377433401929,
           0.7390655144273529,
           0.6206108552238653,
           0.6976262031951704,
           0.6875649203142514,
           0.6146555196236236,
           0.5519741112457297,
           0.6379392503953574,
           0.5100073030889924,
           0.7020297955027682,
           0.677978516794192
          ],
          [
           0.40885129614948196,
           1,
           0.39406909118690003,
           0.39660070718184326,
           0.3861614923505465,
           0.4391903330762011,
           0.38723806118895454,
           0.40066770865782636,
           0.37922331555653255,
           0.35881648328883115,
           0.3183517981878226,
           0.3969624136338692,
           0.32950935070902004,
           0.39014431439242486,
           0.354962003102873
          ],
          [
           0.6220550357746878,
           0.39406909118690003,
           1,
           0.697284527772571,
           0.6099503431526513,
           0.7612411690642344,
           0.6089249528346008,
           0.6543367350672327,
           0.5948173528192252,
           0.5408910004872759,
           0.5271946922901611,
           0.5450656765318341,
           0.44549991554517504,
           0.6177744032517472,
           0.6122383714588898
          ],
          [
           0.6967177514204628,
           0.39660070718184326,
           0.697284527772571,
           1,
           0.6815339618978017,
           0.7904700182342944,
           0.6074047484532332,
           0.7732185603251891,
           0.6466697586092932,
           0.6021425985099591,
           0.5376843874197421,
           0.5928469256250974,
           0.45867103548557975,
           0.6457138392830818,
           0.6747646721166949
          ],
          [
           0.6410377433401929,
           0.3861614923505465,
           0.6099503431526513,
           0.6815339618978017,
           1,
           0.6999392753916883,
           0.5792837252550941,
           0.6631093156793683,
           0.6096782143830836,
           0.5449756983028321,
           0.538816172747593,
           0.5479662874041021,
           0.43978312683101967,
           0.6215224541616603,
           0.6269237996771855
          ],
          [
           0.7390655144273529,
           0.4391903330762011,
           0.7612411690642344,
           0.7904700182342944,
           0.6999392753916883,
           1,
           0.669816517430154,
           0.7637261510442201,
           0.6889609896905138,
           0.6147175493796058,
           0.562829947518625,
           0.6279721168239115,
           0.5090554139531608,
           0.704841484610791,
           0.7059633314083528
          ],
          [
           0.6206108552238653,
           0.38723806118895454,
           0.6089249528346008,
           0.6074047484532332,
           0.5792837252550941,
           0.669816517430154,
           1,
           0.5903099430103457,
           0.6028907312803963,
           0.5165817461400247,
           0.5020621862447023,
           0.5304876656436855,
           0.4526540078710819,
           0.6015782147151216,
           0.6007845969390694
          ],
          [
           0.6976262031951704,
           0.40066770865782636,
           0.6543367350672327,
           0.7732185603251891,
           0.6631093156793683,
           0.7637261510442201,
           0.5903099430103457,
           1,
           0.6376980567272076,
           0.577778835553211,
           0.5152836720792482,
           0.5681864068366875,
           0.4668965689466587,
           0.6361447924794809,
           0.6525413661753254
          ],
          [
           0.6875649203142514,
           0.37922331555653255,
           0.5948173528192252,
           0.6466697586092932,
           0.6096782143830836,
           0.6889609896905138,
           0.6028907312803963,
           0.6376980567272076,
           1,
           0.6290295603346072,
           0.6043973555845702,
           0.5684562459586667,
           0.48418260223240983,
           0.6394864158355961,
           0.6057446318586542
          ],
          [
           0.6146555196236236,
           0.35881648328883115,
           0.5408910004872759,
           0.6021425985099591,
           0.5449756983028321,
           0.6147175493796058,
           0.5165817461400247,
           0.577778835553211,
           0.6290295603346072,
           1,
           0.5249983790319445,
           0.5160983567476516,
           0.4381221953994667,
           0.5630296813059997,
           0.532959059955218
          ],
          [
           0.5519741112457297,
           0.3183517981878226,
           0.5271946922901611,
           0.5376843874197421,
           0.538816172747593,
           0.562829947518625,
           0.5020621862447023,
           0.5152836720792482,
           0.6043973555845702,
           0.5249983790319445,
           1,
           0.4701038085567799,
           0.40121130691490525,
           0.5260324061049334,
           0.5007256707624365
          ],
          [
           0.6379392503953574,
           0.3969624136338692,
           0.5450656765318341,
           0.5928469256250974,
           0.5479662874041021,
           0.6279721168239115,
           0.5304876656436855,
           0.5681864068366875,
           0.5684562459586667,
           0.5160983567476516,
           0.4701038085567799,
           1,
           0.42715617018479446,
           0.5893500242881426,
           0.5887237016441728
          ],
          [
           0.5100073030889924,
           0.32950935070902004,
           0.44549991554517504,
           0.45867103548557975,
           0.43978312683101967,
           0.5090554139531608,
           0.4526540078710819,
           0.4668965689466587,
           0.48418260223240983,
           0.4381221953994667,
           0.40121130691490525,
           0.42715617018479446,
           1,
           0.4863178150176133,
           0.43800180423018
          ],
          [
           0.7020297955027682,
           0.39014431439242486,
           0.6177744032517472,
           0.6457138392830818,
           0.6215224541616603,
           0.704841484610791,
           0.6015782147151216,
           0.6361447924794809,
           0.6394864158355961,
           0.5630296813059997,
           0.5260324061049334,
           0.5893500242881426,
           0.4863178150176133,
           1,
           0.7219457411332436
          ],
          [
           0.677978516794192,
           0.354962003102873,
           0.6122383714588898,
           0.6747646721166949,
           0.6269237996771855,
           0.7059633314083528,
           0.6007845969390694,
           0.6525413661753254,
           0.6057446318586542,
           0.532959059955218,
           0.5007256707624365,
           0.5887237016441728,
           0.43800180423018,
           0.7219457411332436,
           1
          ]
         ],
         "zmax": 1,
         "zmin": -1
        }
       ],
       "layout": {
        "autosize": true,
        "xaxis": {
         "automargin": true,
         "side": "bottom",
         "tickangle": 90
        },
        "yaxis": {
         "automargin": true,
         "autorange": "reversed"
        }
       }
      },
      "text/html": [
       "<div>\n",
       "        \n",
       "        \n",
       "            <div id=\"280e9bbe-8fb3-424a-b1af-b2e0fb69099c\" class=\"plotly-graph-div\" style=\"height:525px; width:100%;\"></div>\n",
       "            <script type=\"text/javascript\">\n",
       "                require([\"plotly\"], function(Plotly) {\n",
       "                    window.PLOTLYENV=window.PLOTLYENV || {};\n",
       "                    window.PLOTLYENV.BASE_URL='https://plot.ly';\n",
       "                    \n",
       "                if (document.getElementById(\"280e9bbe-8fb3-424a-b1af-b2e0fb69099c\")) {\n",
       "                    Plotly.newPlot(\n",
       "                        '280e9bbe-8fb3-424a-b1af-b2e0fb69099c',\n",
       "                        [{\"colorscale\": \"RdBu\", \"type\": \"heatmap\", \"uid\": \"a470107d-61da-45e6-8524-9176c513b20b\", \"x\": [\"ADAUSDT\", \"BNBUSDT\", \"BTCUSDT\", \"EOSUSDT\", \"ETCUSDT\", \"ETHUSDT\", \"IOTAUSDT\", \"LTCUSDT\", \"NEOUSDT\", \"ONTUSDT\", \"QTUMUSDT\", \"TRXUSDT\", \"VETUSDT\", \"XLMUSDT\", \"XRPUSDT\"], \"y\": [\"ADAUSDT\", \"BNBUSDT\", \"BTCUSDT\", \"EOSUSDT\", \"ETCUSDT\", \"ETHUSDT\", \"IOTAUSDT\", \"LTCUSDT\", \"NEOUSDT\", \"ONTUSDT\", \"QTUMUSDT\", \"TRXUSDT\", \"VETUSDT\", \"XLMUSDT\", \"XRPUSDT\"], \"z\": [[1.0, 0.40885129614948196, 0.6220550357746878, 0.6967177514204628, 0.6410377433401929, 0.7390655144273529, 0.6206108552238653, 0.6976262031951704, 0.6875649203142514, 0.6146555196236236, 0.5519741112457297, 0.6379392503953574, 0.5100073030889924, 0.7020297955027682, 0.677978516794192], [0.40885129614948196, 1.0, 0.39406909118690003, 0.39660070718184326, 0.3861614923505465, 0.4391903330762011, 0.38723806118895454, 0.40066770865782636, 0.37922331555653255, 0.35881648328883115, 0.3183517981878226, 0.3969624136338692, 0.32950935070902004, 0.39014431439242486, 0.354962003102873], [0.6220550357746878, 0.39406909118690003, 1.0, 0.697284527772571, 0.6099503431526513, 0.7612411690642344, 0.6089249528346008, 0.6543367350672327, 0.5948173528192252, 0.5408910004872759, 0.5271946922901611, 0.5450656765318341, 0.44549991554517504, 0.6177744032517472, 0.6122383714588898], [0.6967177514204628, 0.39660070718184326, 0.697284527772571, 1.0, 0.6815339618978017, 0.7904700182342944, 0.6074047484532332, 0.7732185603251891, 0.6466697586092932, 0.6021425985099591, 0.5376843874197421, 0.5928469256250974, 0.45867103548557975, 0.6457138392830818, 0.6747646721166949], [0.6410377433401929, 0.3861614923505465, 0.6099503431526513, 0.6815339618978017, 1.0, 0.6999392753916883, 0.5792837252550941, 0.6631093156793683, 0.6096782143830836, 0.5449756983028321, 0.538816172747593, 0.5479662874041021, 0.43978312683101967, 0.6215224541616603, 0.6269237996771855], [0.7390655144273529, 0.4391903330762011, 0.7612411690642344, 0.7904700182342944, 0.6999392753916883, 1.0, 0.669816517430154, 0.7637261510442201, 0.6889609896905138, 0.6147175493796058, 0.562829947518625, 0.6279721168239115, 0.5090554139531608, 0.704841484610791, 0.7059633314083528], [0.6206108552238653, 0.38723806118895454, 0.6089249528346008, 0.6074047484532332, 0.5792837252550941, 0.669816517430154, 1.0, 0.5903099430103457, 0.6028907312803963, 0.5165817461400247, 0.5020621862447023, 0.5304876656436855, 0.4526540078710819, 0.6015782147151216, 0.6007845969390694], [0.6976262031951704, 0.40066770865782636, 0.6543367350672327, 0.7732185603251891, 0.6631093156793683, 0.7637261510442201, 0.5903099430103457, 1.0, 0.6376980567272076, 0.577778835553211, 0.5152836720792482, 0.5681864068366875, 0.4668965689466587, 0.6361447924794809, 0.6525413661753254], [0.6875649203142514, 0.37922331555653255, 0.5948173528192252, 0.6466697586092932, 0.6096782143830836, 0.6889609896905138, 0.6028907312803963, 0.6376980567272076, 1.0, 0.6290295603346072, 0.6043973555845702, 0.5684562459586667, 0.48418260223240983, 0.6394864158355961, 0.6057446318586542], [0.6146555196236236, 0.35881648328883115, 0.5408910004872759, 0.6021425985099591, 0.5449756983028321, 0.6147175493796058, 0.5165817461400247, 0.577778835553211, 0.6290295603346072, 1.0, 0.5249983790319445, 0.5160983567476516, 0.4381221953994667, 0.5630296813059997, 0.532959059955218], [0.5519741112457297, 0.3183517981878226, 0.5271946922901611, 0.5376843874197421, 0.538816172747593, 0.562829947518625, 0.5020621862447023, 0.5152836720792482, 0.6043973555845702, 0.5249983790319445, 1.0, 0.4701038085567799, 0.40121130691490525, 0.5260324061049334, 0.5007256707624365], [0.6379392503953574, 0.3969624136338692, 0.5450656765318341, 0.5928469256250974, 0.5479662874041021, 0.6279721168239115, 0.5304876656436855, 0.5681864068366875, 0.5684562459586667, 0.5160983567476516, 0.4701038085567799, 1.0, 0.42715617018479446, 0.5893500242881426, 0.5887237016441728], [0.5100073030889924, 0.32950935070902004, 0.44549991554517504, 0.45867103548557975, 0.43978312683101967, 0.5090554139531608, 0.4526540078710819, 0.4668965689466587, 0.48418260223240983, 0.4381221953994667, 0.40121130691490525, 0.42715617018479446, 1.0, 0.4863178150176133, 0.43800180423018], [0.7020297955027682, 0.39014431439242486, 0.6177744032517472, 0.6457138392830818, 0.6215224541616603, 0.704841484610791, 0.6015782147151216, 0.6361447924794809, 0.6394864158355961, 0.5630296813059997, 0.5260324061049334, 0.5893500242881426, 0.4863178150176133, 1.0, 0.7219457411332436], [0.677978516794192, 0.354962003102873, 0.6122383714588898, 0.6747646721166949, 0.6269237996771855, 0.7059633314083528, 0.6007845969390694, 0.6525413661753254, 0.6057446318586542, 0.532959059955218, 0.5007256707624365, 0.5887237016441728, 0.43800180423018, 0.7219457411332436, 1.0]], \"zmax\": 1, \"zmin\": -1}],\n",
       "                        {\"autosize\": true, \"xaxis\": {\"automargin\": true, \"side\": \"bottom\", \"tickangle\": 90}, \"yaxis\": {\"automargin\": true, \"autorange\": \"reversed\"}},\n",
       "                        {\"showLink\": false, \"linkText\": \"Export to plot.ly\", \"plotlyServerURL\": \"https://plot.ly\", \"responsive\": true}\n",
       "                    ).then(function(){\n",
       "                            \n",
       "var gd = document.getElementById('280e9bbe-8fb3-424a-b1af-b2e0fb69099c');\n",
       "var x = new MutationObserver(function (mutations, observer) {{\n",
       "        var display = window.getComputedStyle(gd).display;\n",
       "        if (!display || display === 'none') {{\n",
       "            console.log([gd, 'removed!']);\n",
       "            Plotly.purge(gd);\n",
       "            observer.disconnect();\n",
       "        }}\n",
       "}});\n",
       "\n",
       "// Listen for the removal of the full notebook cells\n",
       "var notebookContainer = gd.closest('#notebook-container');\n",
       "if (notebookContainer) {{\n",
       "    x.observe(notebookContainer, {childList: true});\n",
       "}}\n",
       "\n",
       "// Listen for the clearing of the current output cell\n",
       "var outputEl = gd.closest('.output');\n",
       "if (outputEl) {{\n",
       "    x.observe(outputEl, {childList: true});\n",
       "}}\n",
       "\n",
       "                        })\n",
       "                };\n",
       "                });\n",
       "            </script>\n",
       "        </div>"
      ]
     },
     "metadata": {},
     "output_type": "display_data"
    },
    {
     "data": {
      "application/vnd.plotly.v1+json": {
       "config": {
        "linkText": "Export to plot.ly",
        "plotlyServerURL": "https://plot.ly",
        "responsive": true,
        "showLink": false
       },
       "data": [
        {
         "colorscale": "RdBu",
         "type": "heatmap",
         "uid": "ff11cf02-c20e-4e5e-9f21-b7068c0f9042",
         "x": [
          "ADAUSDT",
          "BNBUSDT",
          "BTCUSDT",
          "EOSUSDT",
          "ETCUSDT",
          "ETHUSDT",
          "IOTAUSDT",
          "LTCUSDT",
          "NEOUSDT",
          "ONTUSDT",
          "QTUMUSDT",
          "TRXUSDT",
          "VETUSDT",
          "XLMUSDT",
          "XRPUSDT"
         ],
         "y": [
          "ADAUSDT",
          "BNBUSDT",
          "BTCUSDT",
          "EOSUSDT",
          "ETCUSDT",
          "ETHUSDT",
          "IOTAUSDT",
          "LTCUSDT",
          "NEOUSDT",
          "ONTUSDT",
          "QTUMUSDT",
          "TRXUSDT",
          "VETUSDT",
          "XLMUSDT",
          "XRPUSDT"
         ],
         "z": [
          [
           1,
           0.4632414126217076,
           0.6959039636345653,
           0.7792432558824597,
           0.7327986307442842,
           0.8092260688741924,
           0.7220815609831761,
           0.7753125360976241,
           0.7803962810884945,
           0.6856138234888437,
           0.6772949302987349,
           0.695208011897078,
           0.5796179382613755,
           0.7808755302432678,
           0.770563487479918
          ],
          [
           0.4632414126217076,
           1,
           0.39636528928208253,
           0.4621474525194659,
           0.4386821702013074,
           0.4835287826607859,
           0.4329660084937822,
           0.48402992195104805,
           0.4641540081461264,
           0.40645559159055233,
           0.4098375998855953,
           0.4167794424294254,
           0.35952530281946055,
           0.4554875015945898,
           0.4070718364748342
          ],
          [
           0.6959039636345653,
           0.39636528928208253,
           1,
           0.7252378765204933,
           0.6507251403024699,
           0.7814402587886735,
           0.6380249177120011,
           0.680969452511564,
           0.6491337625089662,
           0.5671338294076201,
           0.6113616493413686,
           0.537936736924428,
           0.46928840686788453,
           0.6449993910704748,
           0.6666269605428747
          ],
          [
           0.7792432558824597,
           0.4621474525194659,
           0.7252378765204933,
           1,
           0.7316530413552914,
           0.8217865384560793,
           0.6945260840357502,
           0.7998773416399287,
           0.7153055276520119,
           0.6721140369889909,
           0.6460072556123367,
           0.6255438575032486,
           0.535357746541839,
           0.7169218917475834,
           0.7320181963538835
          ],
          [
           0.7327986307442842,
           0.4386821702013074,
           0.6507251403024699,
           0.7316530413552914,
           1,
           0.7795014460152504,
           0.6740997296245369,
           0.6933781548136313,
